3 0.4671875 0.5712962962962963 0.028125 0.08518518518518518
3 0.509375 0.5898148148148148 0.03229166666666666 0.08518518518518518
0 0.23932291666666666 0.987037037037037 0.0140625 0.024074074074074074
7 0.24583333333333332 0.525 0.027083333333333334 0.03888888888888889
9 0.32369791666666664 0.487962962962963 0.028645833333333332 0.024074074074074074
7 0.26458333333333334 0.42638888888888893 0.020833333333333332 0.03981481481481482
9 0.2713541666666667 0.4101851851851852 0.01875 0.024074074074074074
0 0.32421875 0.21203703703703705 0.005729166666666666 0.02777777777777778
1 0.3338541666666667 0.1712962962962963 0.007291666666666667 0.022222222222222223
3 0.31015625 0.08148148148148149 0.018229166666666668 0.02777777777777778
9 0.3932291666666667 0.4810185185185185 0.01875 0.02314814814814815
4 0.41770833333333335 0.23842592592592593 0.019791666666666666 0.05648148148148149
3 0.41432291666666665 0.18472222222222223 0.011979166666666666 0.03425925925925926
1 0.490625 0.23796296296296296 0.00625 0.024074074074074074
9 0.38567708333333334 0.2087962962962963 0.019270833333333334 0.019444444444444445
1 0.42604166666666665 0.1726851851851852 0.007291666666666667 0.021296296296296296
0 0.37421875 0.09351851851851853 0.005729166666666666 0.02592592592592593
9 0.4536458333333333 0.0587962962962963 0.005208333333333333 0.017592592592592594
1 0.4479166666666667 0.08611111111111111 0.00625 0.016666666666666666
1 0.44453125 0.11944444444444445 0.005729166666666666 0.020370370370370372
